ra = 289.936574142
dec = 50.7073436609
maxAV = 0.242
parallax = 7.00675245526, 0.203995941963
[twomass]
H = 9.688, 0.029
K = 9.627, 0.02
J = 10.08, 0.024
id = 19194476+5042264
H_1 = 9.044, 0.031
K_1 = 8.991, 0.02
J_1 = 9.317, 0.027
separation_1 = 1636.28545308
PA_1 = 180.458602186
id_1 = 19194615+5109428
relative = False
resolution = 4.0
[WISE]
W2 = 9.618, 0.02
W1 = 9.569, 0.022
id = J191944.78+504226.7
W2_1 = 8.986, 0.02
W1_1 = 8.948, 0.023
separation_1 = 1636.28545308
PA_1 = 180.458602186
id_1 = J191946.16+510943.1
relative = False
resolution = 4.0
[APASS]
id = 14729886.0
separation_1 = 1636.28545308
PA_1 = 180.458602186
id_1 = 14731045.0
relative = False
resolution = 4.0
