ra = 289.936574142
dec = 50.7073436609
maxAV = 0.242
parallax = 7.00675245526, 0.203995941963
[Gaia]
id_1 = 2133192367662245760
G_1 = 10.2385266918, 0.02
id = 2133082828816461568
G = 11.2909746001, 0.02
separation_1 = 1636.28545308
PA_1 = 180.458602186
resolution = 1.0
relative = False
[twomass]
H = 9.688, 0.029
K = 9.627, 0.02
J = 10.08, 0.024
id = 19194476+5042264
H_1 = 9.044, 0.031
K_1 = 8.991, 0.02
J_1 = 9.317, 0.027
separation_1 = 1636.28545308
PA_1 = 180.458602186
id_1 = 19194615+5109428
relative = False
resolution = 4.0
[WISE]
W3 = 9.587, 0.032
W2 = 9.618, 0.02
W1 = 9.569, 0.022
id = J191944.78+504226.7
W3_1 = 8.943, 0.025
W2_1 = 8.986, 0.02
W1_1 = 8.948, 0.023
separation_1 = 1636.28545308
PA_1 = 180.458602186
id_1 = J191946.16+510943.1
relative = False
resolution = 4.0
[APASS]
B = 12.2489995956, 0.02
V = 11.5760002136, 0.02
id = 14729886.0
B_1 = 10.890999794, 0.02
V_1 = 10.388999939, 0.02
separation_1 = 1636.28545308
PA_1 = 180.458602186
id_1 = 14731045.0
relative = False
resolution = 4.0
