ra = 291.033705323
dec = 36.7710399268
maxAV = 0.488
parallax = 7.50208608624, 0.19826099177
[twomass]
H = 8.718, 0.04
K = 8.626, 0.02
J = 8.981, 0.023
id = 19240808+3646157
H_1 = 8.285, 0.036
K_1 = 8.156, 0.034
J_1 = 8.455, 0.021
separation_1 = 10532.731273
PA_1 = 122.780361878
id_1 = 19115104+3823438
relative = False
resolution = 4.0
[WISE]
W2 = 8.61, 0.02
W1 = 8.585, 0.023
id = J192408.10+364616.0
W2_1 = 8.138, 0.02
W1_1 = 8.11, 0.022
separation_1 = 10532.731273
PA_1 = 122.780361878
id_1 = J191151.06+382344.3
relative = False
resolution = 4.0
[APASS]
id = 13871441.0
separation_1 = 10532.731273
PA_1 = 122.780361878
id_1 = 14400701.0
relative = False
resolution = 4.0
