ra = 286.56657882
dec = 48.1175034503
maxAV = 0.153
parallax = 10.2982045698, 0.226625353292
[Gaia]
id_1 = 2133082760096984960
G_1 = 10.4638848209, 0.02
id = 2131131092596512256
G = 11.0618050819, 0.02
separation_1 = 12098.7529477
PA_1 = 220.999482071
resolution = 1.0
relative = False
[twomass]
H = 8.794, 0.02
K = 8.686, 0.024
J = 9.386, 0.021
id = 19061596+4807029
H_1 = 9.151, 0.031
K_1 = 9.072, 0.022
J_1 = 9.513, 0.026
separation_1 = 12098.7529477
PA_1 = 220.999482071
id_1 = 19192860+5042099
relative = False
resolution = 4.0
[WISE]
W3 = 8.566, 0.023
W2 = 8.673, 0.021
W1 = 8.598, 0.023
id = J190615.99+480704.0
W3_1 = 9.038, 0.025
W2_1 = 9.06, 0.02
W1_1 = 9.033, 0.022
separation_1 = 12098.7529477
PA_1 = 220.999482071
id_1 = J191928.61+504210.3
relative = False
resolution = 4.0
[APASS]
B_1 = 11.0939998627, 0.02
V_1 = 10.6420001984, 0.02
separation_1 = 12098.7529477
PA_1 = 220.999482071
id_1 = 14729885.0
relative = False
resolution = 4.0
