ra = 296.267605117
dec = 41.006745302
maxAV = 0.653
parallax = 2.0847600876, 0.178420084707
[twomass]
H = 10.541, 0.021
K = 10.497, 0.02
J = 10.772, 0.022
id = 19450423+4100242
H_1 = 9.548, 0.021
K_1 = 9.49, 0.02
J_1 = 9.744, 0.022
separation_1 = 14342.4117181
PA_1 = 84.5049468135
id_1 = 19240223+4044395
relative = False
resolution = 4.0
[WISE]
W2 = 10.499, 0.021
W1 = 10.467, 0.024
id = J194504.21+410024.0
W2_1 = 9.5, 0.02
W1_1 = 9.468, 0.023
separation_1 = 14342.4117181
PA_1 = 84.5049468135
id_1 = J192402.23+404439.2
relative = False
resolution = 4.0
[APASS]
id = 14160937.0
separation_1 = 14342.4117181
PA_1 = 84.5049468135
id_1 = 14421307.0
relative = False
resolution = 4.0
