ra = 296.267605117
dec = 41.006745302
maxAV = 0.653
parallax = 2.0847600876, 0.178420084707
[Gaia]
id_1 = 2101522996809136768
G_1 = 10.5216832593, 0.02
id = 2076813809435025792
G = 11.6667531327, 0.02
separation_1 = 14342.4117181
PA_1 = 84.5049468135
resolution = 1.0
relative = False
[twomass]
H = 10.541, 0.021
K = 10.497, 0.02
J = 10.772, 0.022
id = 19450423+4100242
H_1 = 9.548, 0.021
K_1 = 9.49, 0.02
J_1 = 9.744, 0.022
separation_1 = 14342.4117181
PA_1 = 84.5049468135
id_1 = 19240223+4044395
relative = False
resolution = 4.0
[WISE]
W3 = 10.5, 0.065
W2 = 10.499, 0.021
W1 = 10.467, 0.024
id = J194504.21+410024.0
W3_1 = 9.483, 0.036
W2_1 = 9.5, 0.02
W1_1 = 9.468, 0.023
separation_1 = 14342.4117181
PA_1 = 84.5049468135
id_1 = J192402.23+404439.2
relative = False
resolution = 4.0
[APASS]
B = 12.4619998932, 0.0329999998212
V = 11.845000267, 0.0230000000447
id = 14160937.0
B_1 = 11.2370004654, 0.0399999991059
V_1 = 10.6700000763, 0.0430000014603
separation_1 = 14342.4117181
PA_1 = 84.5049468135
id_1 = 14421307.0
relative = False
resolution = 4.0
