ra = 299.515253686
dec = 46.6741898615
maxAV = 1.042
parallax = 7.82653880631, 0.181810998177
[twomass]
H = 7.381, 0.059
K = 7.351, 0.026
J = 7.572, 0.034
id = 19580364+4640271
H_1 = 9.829, 0.022
K_1 = 9.732, 0.02
J_1 = 10.22, 0.02
separation_1 = 44498.3542269
PA_1 = 42.0696493394
id_1 = 19094785+3804214
relative = False
resolution = 4.0
[WISE]
W2 = 7.34, 0.02
W1 = 7.268, 0.037
id = J195803.67+464026.9
W2_1 = 9.775, 0.02
W1_1 = 9.703, 0.023
separation_1 = 44498.3542269
PA_1 = 42.0696493394
id_1 = J190947.84+380421.9
relative = False
resolution = 4.0
[APASS]
id = 14308791.0
separation_1 = 44498.3542269
PA_1 = 42.0696493394
id_1 = 14400573.0
relative = False
resolution = 4.0
