ra = 299.515253686
dec = 46.6741898615
maxAV = 1.042
parallax = 7.82653880631, 0.181810998177
[Gaia]
id_1 = 2099527348842929152
G_1 = 11.4656084767, 0.02
id = 2085589595855239552
G = 8.28621162953, 0.02
separation_1 = 44498.3542269
PA_1 = 42.0696493394
resolution = 1.0
relative = False
[twomass]
H = 7.381, 0.059
K = 7.351, 0.026
J = 7.572, 0.034
id = 19580364+4640271
H_1 = 9.829, 0.022
K_1 = 9.732, 0.02
J_1 = 10.22, 0.02
separation_1 = 44498.3542269
PA_1 = 42.0696493394
id_1 = 19094785+3804214
relative = False
resolution = 4.0
[WISE]
W3 = 7.369, 0.02
W2 = 7.34, 0.02
W1 = 7.268, 0.037
id = J195803.67+464026.9
W3_1 = 9.701, 0.039
W2_1 = 9.775, 0.02
W1_1 = 9.703, 0.023
separation_1 = 44498.3542269
PA_1 = 42.0696493394
id_1 = J190947.84+380421.9
relative = False
resolution = 4.0
[APASS]
B = nan, nan
V = nan, nan
id = 14308791.0
B_1 = 12.6599998474, 0.02
V_1 = 11.7620000839, 0.02
separation_1 = 44498.3542269
PA_1 = 42.0696493394
id_1 = 14400573.0
relative = False
resolution = 4.0
