ra = 284.931023385
dec = 45.9604636383
maxAV = 0.12
parallax = 5.00031932424, 0.170285128643
[twomass]
H = 8.459, 0.02
K = 8.405, 0.02
J = 8.671, 0.026
id = 18594346+4557377
H_1 = 8.716, 0.02
K_1 = 8.633, 0.02
J_1 = 8.85, 0.026
separation_1 = 6327.82303512
PA_1 = 226.835601821
id_1 = 19070604+4710399
relative = False
resolution = 4.0
[WISE]
W2 = 8.407, 0.02
W1 = 8.38, 0.023
id = J185943.43+455737.4
W2_1 = 8.65, 0.02
W1_1 = 8.618, 0.023
separation_1 = 6327.82303512
PA_1 = 226.835601821
id_1 = J190706.05+471040.1
relative = False
resolution = 4.0
[APASS]
id = 14498514.0
separation_1 = 6327.82303512
PA_1 = 226.835601821
id_1 = 14715724.0
relative = False
resolution = 4.0
