ra = 284.931023385
dec = 45.9604636383
maxAV = 0.12
parallax = 5.00031932424, 0.170285128643
[Gaia]
id_1 = 2130655141500562176
G_1 = 9.51121105718, 0.02
id = 2107174383494655488
G = 9.46588035936, 0.02
separation_1 = 6327.82303512
PA_1 = 226.835601821
resolution = 1.0
relative = False
[twomass]
H = 8.459, 0.02
K = 8.405, 0.02
J = 8.671, 0.026
id = 18594346+4557377
H_1 = 8.716, 0.02
K_1 = 8.633, 0.02
J_1 = 8.85, 0.026
separation_1 = 6327.82303512
PA_1 = 226.835601821
id_1 = 19070604+4710399
relative = False
resolution = 4.0
[WISE]
W3 = 8.393, 0.021
W2 = 8.407, 0.02
W1 = 8.38, 0.023
id = J185943.43+455737.4
W3_1 = 8.626, 0.021
W2_1 = 8.65, 0.02
W1_1 = 8.618, 0.023
separation_1 = 6327.82303512
PA_1 = 226.835601821
id_1 = J190706.05+471040.1
relative = False
resolution = 4.0
[APASS]
B = 10.248000145, 0.02
V = nan, nan
id = 14498514.0
B_1 = 10.0889997482, 0.0399999991059
V_1 = nan, nan
separation_1 = 6327.82303512
PA_1 = 226.835601821
id_1 = 14715724.0
relative = False
resolution = 4.0
