ra = 300.966186321
dec = 45.236767588
maxAV = 1.864
parallax = 6.28197667707, 0.255702089635
[twomass]
H = 9.722, 0.02
K = 9.651, 0.02
J = 10.123, 0.02
id = 20035187+4514124
H_1 = 9.707, 0.02
K_1 = 9.489, 0.02
J_1 = 10.278, 0.029
separation_1 = 18811.6294363
PA_1 = 92.193936424
id_1 = 19340968+4540440
relative = False
resolution = 4.0
[WISE]
W2 = 9.67, 0.02
W1 = 9.601, 0.023
id = J200351.89+451412.3
W2_1 = 9.466, 0.02
W1_1 = 9.406, 0.022
separation_1 = 18811.6294363
PA_1 = 92.193936424
id_1 = J193409.65+454044.1
relative = False
resolution = 4.0
[APASS]
id = 14249671.0
separation_1 = 18811.6294363
PA_1 = 92.193936424
id_1 = 14675135.0
relative = False
resolution = 4.0
