ra = 300.966186321
dec = 45.236767588
maxAV = 1.864
parallax = 6.28197667707, 0.255702089635
[Gaia]
id_1 = 2128030847763757696
G_1 = 11.7867127611, 0.02
id = 2082138228856425856
G = 11.3111604649, 0.02
separation_1 = 18811.6294363
PA_1 = 92.193936424
resolution = 1.0
relative = False
[twomass]
H = 9.722, 0.02
K = 9.651, 0.02
J = 10.123, 0.02
id = 20035187+4514124
H_1 = 9.707, 0.02
K_1 = 9.489, 0.02
J_1 = 10.278, 0.029
separation_1 = 18811.6294363
PA_1 = 92.193936424
id_1 = 19340968+4540440
relative = False
resolution = 4.0
[WISE]
W3 = 9.866, 0.046
W2 = 9.67, 0.02
W1 = 9.601, 0.023
id = J200351.89+451412.3
W3_1 = 9.445, 0.033
W2_1 = 9.466, 0.02
W1_1 = 9.406, 0.022
separation_1 = 18811.6294363
PA_1 = 92.193936424
id_1 = J193409.65+454044.1
relative = False
resolution = 4.0
[APASS]
B = 12.545999527, 0.0230000000447
V = 11.6079998016, 0.02
id = 14249671.0
B_1 = 12.3850002289, 0.0260000005364
V_1 = 11.595000267, 0.0230000000447
separation_1 = 18811.6294363
PA_1 = 92.193936424
id_1 = 14675135.0
relative = False
resolution = 4.0
