ra = 292.044284139
dec = 42.7521651294
maxAV = 0.393
parallax = 7.49052042175, 0.233575037938
[Gaia]
id_1 = 2131925764626352640
G_1 = 8.64261321365, 0.02
id = 2125806570102136704
G = 10.8620548149, 0.02
separation_1 = 27218.4706203
PA_1 = 141.059549664
resolution = 1.0
relative = False
[twomass]
H = 9.451, 0.021
K = 9.35, 0.02
J = 9.761, 0.021
id = 19281062+4245077
H_1 = 7.299, 0.023
K_1 = 7.178, 0.02
J_1 = 7.563, 0.032
separation_1 = 27218.4706203
PA_1 = 141.059549664
id_1 = 19021864+4849433
relative = False
resolution = 4.0
[WISE]
W3 = 9.3, 0.028
W2 = 9.342, 0.02
W1 = 9.293, 0.022
id = J192810.63+424508.0
W3_1 = 7.183, 0.02
W2_1 = 7.188, 0.02
W1_1 = 7.108, 0.039
separation_1 = 27218.4706203
PA_1 = 141.059549664
id_1 = J190218.67+484943.5
relative = False
resolution = 4.0
[APASS]
B = 11.7930002213, 0.143999993801
V = 11.1510000229, 0.0280000008643
id = 14635565.0
relative = False
resolution = 4.0
