ra = 283.433171779
dec = 47.4085305234
maxAV = 0.196
parallax = 7.90797386595, 0.160412716879
[twomass]
H = 9.874, 0.02
K = 9.834, 0.02
J = 10.128, 0.021
id = 18534395+4724307
H_1 = 6.797, 0.02
K_1 = 6.758, 0.02
J_1 = 7.035, 0.02
separation_1 = 23096.7208004
PA_1 = 239.266241495
id_1 = 19262207+5059140
relative = False
resolution = 4.0
[WISE]
W2 = 9.832, 0.02
W1 = 9.801, 0.023
id = J185343.95+472430.4
W2_1 = 6.741, 0.021
W1_1 = 6.719, 0.064
separation_1 = 23096.7208004
PA_1 = 239.266241495
id_1 = J192622.11+505915.0
relative = False
resolution = 4.0
[APASS]
separation_1 = 23096.7208004
PA_1 = 239.266241495
id_1 = 14766723.0
relative = False
resolution = 4.0
