ra = 294.870350946
dec = 44.1227728784
maxAV = 0.417
parallax = 6.22075849444, 0.174442393767
[Gaia]
id_1 = 2078373638477723648
G_1 = 11.427396043, 0.02
id = 2078316051558879616
G = 11.6425961867, 0.02
separation_1 = 3135.19909555
PA_1 = 111.545976156
resolution = 1.0
relative = False
[twomass]
H = 10.374, 0.02
K = 10.308, 0.02
J = 10.66, 0.02
id = 19392887+4407219
H_1 = 9.675, 0.02
K_1 = 9.586, 0.02
J_1 = 10.184, 0.025
separation_1 = 3135.19909555
PA_1 = 111.545976156
id_1 = 19345800+4426539
relative = False
resolution = 4.0
[WISE]
W3 = 10.36, 0.06
W2 = 10.327, 0.02
W1 = 10.282, 0.023
id = J193928.88+440722.1
W3_1 = 9.58, 0.034
W2_1 = 9.584, 0.02
W1_1 = 9.529, 0.022
separation_1 = 3135.19909555
PA_1 = 111.545976156
id_1 = J193458.03+442653.7
relative = False
resolution = 4.0
[APASS]
B = 12.640999794, 0.02
V = 11.8789997101, 0.0500000007451
id = 14190747.0
B_1 = 12.7729997635, 0.02
V_1 = 11.7379999161, 0.02
separation_1 = 3135.19909555
PA_1 = 111.545976156
id_1 = 14191825.0
relative = False
resolution = 4.0
