ra = 294.870350946
dec = 44.1227728784
maxAV = 0.417
parallax = 6.22075849444, 0.174442393767
[twomass]
H = 10.374, 0.02
K = 10.308, 0.02
J = 10.66, 0.02
id = 19392887+4407219
H_1 = 9.675, 0.02
K_1 = 9.586, 0.02
J_1 = 10.184, 0.025
separation_1 = 3135.19909555
PA_1 = 111.545976156
id_1 = 19345800+4426539
relative = False
resolution = 4.0
[WISE]
W2 = 10.327, 0.02
W1 = 10.282, 0.023
id = J193928.88+440722.1
W2_1 = 9.584, 0.02
W1_1 = 9.529, 0.022
separation_1 = 3135.19909555
PA_1 = 111.545976156
id_1 = J193458.03+442653.7
relative = False
resolution = 4.0
[APASS]
id = 14190747.0
separation_1 = 3135.19909555
PA_1 = 111.545976156
id_1 = 14191825.0
relative = False
resolution = 4.0
