ra = 282.660401138
dec = 47.2360078031
maxAV = 0.176
parallax = 9.01434577363, 0.168752447254
[Gaia]
id_1 = 2136139471145291136
G_1 = 7.97551136746, 0.02
id = 2107542857328902912
G = 11.3660337143, 0.02
separation_1 = 24982.3440543
PA_1 = 240.750886039
resolution = 1.0
relative = False
[twomass]
H = 10.084, 0.02
K = 10.057, 0.02
J = 10.337, 0.023
id = 18503848+4714096
H_1 = 6.797, 0.02
K_1 = 6.758, 0.02
J_1 = 7.035, 0.02
separation_1 = 24982.3440543
PA_1 = 240.750886039
id_1 = 19262207+5059140
relative = False
resolution = 4.0
[WISE]
W3 = 10.012, 0.037
W2 = 10.032, 0.02
W1 = 10.0, 0.023
id = J185038.49+471409.5
W3_1 = 6.765, 0.02
W2_1 = 6.741, 0.021
W1_1 = 6.719, 0.064
separation_1 = 24982.3440543
PA_1 = 240.750886039
id_1 = J192622.11+505915.0
relative = False
resolution = 4.0
[APASS]
B_1 = nan, nan
V_1 = nan, nan
separation_1 = 24982.3440543
PA_1 = 240.750886039
id_1 = 14766723.0
relative = False
resolution = 4.0
