ra = 287.381922992
dec = 39.1809166802
maxAV = 0.625
parallax = 11.6807461987, 0.208611589093
[Gaia]
id_1 = 2100596349025845376
G_1 = 10.7104206893, 0.02
id = 2099652933689621376
G = 11.1994767552, 0.02
separation_1 = 3549.62175265
PA_1 = 162.270948019
resolution = 1.0
relative = False
[twomass]
H = 8.239, 0.023
K = 8.028, 0.021
J = 8.841, 0.024
id = 19093170+3910515
H_1 = 9.286, 0.02
K_1 = 9.247, 0.02
J_1 = 9.645, 0.02
separation_1 = 3549.62175265
PA_1 = 162.270948019
id_1 = 19075860+4007111
relative = False
resolution = 4.0
[WISE]
W3 = 7.694, 0.02
W2 = 7.809, 0.02
W1 = 7.885, 0.026
id = J190931.59+391049.4
W3_1 = 9.167, 0.03
W2_1 = 9.236, 0.02
W1_1 = 9.183, 0.022
separation_1 = 3549.62175265
PA_1 = 162.270948019
id_1 = J190758.59+400711.8
relative = False
resolution = 4.0
[APASS]
B = 14.1669998169, 0.02
V = 12.2489995956, 0.02
id = 14400997.0
B_1 = 11.8549995422, 0.02
V_1 = 10.890999794, 0.0219999998808
separation_1 = 3549.62175265
PA_1 = 162.270948019
id_1 = 14406214.0
relative = False
resolution = 4.0
