ra = 287.381922992
dec = 39.1809166802
maxAV = 0.625
parallax = 11.6807461987, 0.208611589093
[twomass]
H = 8.239, 0.023
K = 8.028, 0.021
J = 8.841, 0.024
id = 19093170+3910515
H_1 = 9.286, 0.02
K_1 = 9.247, 0.02
J_1 = 9.645, 0.02
separation_1 = 3549.62175265
PA_1 = 162.270948019
id_1 = 19075860+4007111
relative = False
resolution = 4.0
[WISE]
W2 = 7.809, 0.02
W1 = 7.885, 0.026
id = J190931.59+391049.4
W2_1 = 9.236, 0.02
W1_1 = 9.183, 0.022
separation_1 = 3549.62175265
PA_1 = 162.270948019
id_1 = J190758.59+400711.8
relative = False
resolution = 4.0
[APASS]
id = 14400997.0
separation_1 = 3549.62175265
PA_1 = 162.270948019
id_1 = 14406214.0
relative = False
resolution = 4.0
